[Model]
FootName=data/new rice2.obj
ShoeName=data/puma115105.obj

[Calibration]
calibX =0.057
calibY =-0.009
calibZ =0.06
calibF =-0.027

[Perspective]
fovy =52.5
aspect =1.75

[Hint]
hintLX =1070
hintLY =680
hintRX =780
hintRY =680

[Floor]
VectorX =0.02528
VectorY =0.934727
VectorZ =-0.354468
VectorW =0.552617

[Default]
calibX =0.068
calibY =0.007
calibZ =0.059
calibF =-0.022
fovy =51.6
aspect =1.765
VectorX =0.00269229
VectorY =0.882843
VectorZ =-0.46966
VectorW =0.683026


